time,x,y,z,phi,theta,psi,x_velocity,y_velocity,z_velocity,phi_velocity,theta_velocity,psi_velocity,rotor_speed1,rotor_speed2,rotor_speed3,rotor_speed4
0.06,-1.45964594003e-07,3.29525394913e-07,10.0042058837,0.000291737999541,0.000147765947937,0.0,-1.32806936429e-05,2.82876478851e-05,0.140188464259,0.0131470083343,0.00698235544021,0.0,448.52233956775456,449.0889046485242,449.6020386102559,450.66568653243024
0.12000000000000001,-6.44145925353e-06,1.29181771559e-05,10.0192534126,0.00129753960692,0.000592512689139,0.0,-0.000248378242847,0.000499955415458,0.361351369245,0.0231601958415,0.00825906892411,0.0,473.39342944878024,473.4915265868464,473.8257757748938,474.59471276441
0.18,-3.7185321675e-05,7.90632089965e-05,10.0465607924,0.00261304927898,0.000809558845323,0.0,-0.000819807385216,0.00186040145754,0.548822537614,0.019333304681,-0.00782135263729,0.0,464.76847402911477,463.50659990358986,463.99119016236193,463.69069517020756
0.23999999999999996,-0.000102975114958,0.000255076334289,10.0845679901,0.00387209624007,0.000503694618995,0.0,-0.00133016532331,0.0041424222215,0.717992232419,0.0240963883523,-0.000141734326775,0.0,458.16309901823854,458.77326681009464,458.6642440386065,459.0422901886121
0.3,-0.000193148491044,0.000589825718303,10.1306983632,0.00572536021573,0.000142977208786,0.0,-0.00166062384322,0.00718694799758,0.819618282087,0.0418436315039,-0.0215843122535,0.0,438.67442941340386,436.89056646466133,437.4034540897271,438.87907085736003
0.36000000000000004,-0.000290406385367,0.00118214892071,10.1882599678,0.00809333896544,6.28215536517,0.0,-0.00142307361736,0.012869920071,1.09887379227,0.0342298710231,-0.0157602910255,0.0,490.7713771426703,491.2034816135474,491.70381129817036,491.1401330523202
0.4200000000000001,-0.0003478363138,0.00215369126722,10.2599874194,0.0106008013324,6.28146960794,0.0,-0.0003984149135,0.0197808064861,1.29184062942,0.053738381842,-0.00393305294048,0.0,465.8273636716647,466.75132637617224,466.3129811107383,467.8350688278232
0.48000000000000015,-0.000341795699909,0.00353080318292,10.3368330257,0.0137701901853,6.28114705947,0.0,0.000623110526579,0.0263915418849,1.2697013076,0.0509275615246,-0.00842994601464,0.0,398.16620027603346,397.75471089872815,398.1684534718043,397.9134244218912
0.5400000000000001,-0.000251848973414,0.00547352975736,10.4204220648,0.016589131864,6.28121206092,0.0,0.00239592415772,0.0387269178941,1.51630052723,0.0376187251913,0.0153847823246,0.0,481.7979107841667,483.59490830213,483.3515921027055,482.3487731474157
0.6000000000000002,-7.31241506806e-05,0.0081309310066,10.5133462193,0.0191848033638,6.28248431039,0.0,0.00345323191472,0.0500882528429,1.58107946683,0.0526583075361,0.0308490776006,0.0,426.8836530603919,428.2011281595466,427.6343378715317,428.9145094697463
0.6600000000000003,0.000141642309271,0.0115799362977,10.6130001086,0.0221359806556,0.00153278306845,0.0,0.00347666581036,0.0652136953509,1.74048045745,0.0411390987061,0.0476390608254,0.0,456.9346732660681,458.2716857659512,458.508311473673,457.59372133180335
0.7200000000000003,0.000303403434095,0.0160056525057,10.7224685392,0.0241962319963,0.00442276085783,0.0,0.00159387409321,0.0825640192647,1.90819508325,0.015077829092,0.0492001124943,0.0,460.0182818979458,460.1431993785721,462.64404687764585,460.58807523909536
0.7800000000000004,0.000301468334916,0.0214385903957,10.838937667,0.0256594009802,0.00731268982774,0.0,-0.00194113262101,0.0986501116803,1.97399253363,0.0384491868118,0.0460122571675,0.0,429.327096631095,429.0580559809495,428.9728452814725,430.95287480915215
0.8400000000000004,2.62101151539e-05,0.0278869286692,10.9600124714,0.0278570741874,0.00973018887991,0.0,-0.0074959602556,0.116516050644,2.06167097191,0.0327118768167,0.0252679398711,0.0,437.4026937345933,435.67261114111017,437.44069815927725,436.9633396967814
0.9000000000000005,-0.000626253484972,0.0354488695233,11.0862904771,0.0296655155775,0.0112913327667,0.0,-0.0144050068079,0.135732710714,2.14743032182,0.0244273402263,0.0274803192013,0.0,437.02107295412634,437.20557867945405,436.460040272651,435.7684092036963
0.9600000000000005,-0.00179891411113,0.044387321929,11.224018615,0.0310769762465,0.0132531010287,0.0,-0.0249154086824,0.162386040442,2.44291428492,0.0216544809729,0.0414903627766,0.0,498.6770375469978,499.69959212918064,499.6722476607411,499.4700631481426
1.0200000000000005,-0.00359792413488,0.0548240894354,11.3750850227,0.0324168474009,0.0159030373275,0.0,-0.0353285492918,0.185639472528,2.5922953509,0.0236512322922,0.0490396584662,0.0,456.88091304617444,457.4834382103319,458.8726938214404,459.03117765628707
1.0800000000000005,-0.00603179220088,0.0665863639557,11.5320580402,0.0340206842511,0.0186517474098,0.0,-0.0460677829098,0.206574944304,2.64001789017,0.0322695724718,0.038418313399,0.0,427.16653331846345,426.2611515437854,426.44140116468566,427.17713038755244
1.1400000000000006,-0.00922903714969,0.0797607183703,11.6954949361,0.0358744486428,0.0206747075754,0.0,-0.0607443209738,0.232767883018,2.80746720262,0.0279974971289,0.0220924117013,0.0,465.8343694317636,464.55639466461173,463.95337045954875,463.61811798204906
1.2000000000000006,-0.013491227594,0.0947903440713,11.8756877429,0.0374178776875,0.0229301813259,0.0,-0.0815825186275,0.268416055882,3.19793333216,0.0207378654519,0.0578995518797,0.0,527.0709802569623,529.5401863041925,527.9572258146924,527.4561271344745
1.2600000000000007,-0.018912013824,0.111733806893,12.07218208,0.0389839073398,0.0266315464411,0.0,-0.0994953918973,0.296504204909,3.3514202154,0.0351044913602,0.0683550292179,0.0,462.5216402759667,463.34689995836993,463.0724956284637,464.20136758848236
1.3200000000000007,-0.0254761555033,0.130376053573,12.2772671016,0.041038891567,0.0312028804014,0.0,-0.119765519347,0.325108904126,3.48432330802,0.0324833423551,0.0884753684785,0.0,457.0869767215221,458.6919404737626,458.2124804456471,458.0044982839287
1.3800000000000008,-0.0334452816553,0.150888581978,12.4929702348,0.0434956689122,0.0366208250348,0.0,-0.146492868982,0.358879543042,3.70505137315,0.054007711775,0.0937152300011,0.0,484.8528504217767,485.25243496754064,483.9514224479684,485.56957734088877
1.4400000000000008,-0.0431258191623,0.173462796103,12.7212329991,0.0473800761734,0.0424421598552,0.0,-0.176834272345,0.393984225269,3.90299676443,0.0803945905066,0.102924787859,0.0,480.04759133001755,480.75318556952857,478.12823801897696,480.137019015595
1.5000000000000009,-0.0546542566184,0.198116190041,12.9587854987,0.05235644191,0.0487428297725,0.0,-0.208077611498,0.428282750705,4.01496506899,0.0875940793064,0.10888458667,0.0,455.2891579129262,455.7750862648445,455.1668652772735,455.74810649013244
1.560000000000001,-0.0683494841099,0.225101816087,13.2061933521,0.0580266162414,0.0557352361225,0.0,-0.249200648073,0.471846528122,4.2310918637,0.105607658708,0.128599828141,0.0,485.87182217960594,487.3584156924553,487.48242439774015,488.833269092902
1.620000000000001,-0.0846477072398,0.254802357528,13.4658859897,0.0642961935314,0.0633270066676,0.0,-0.294918087916,0.518852658603,4.42447962857,0.102166794418,0.122034136032,0.0,483.1942278485053,482.71213942943956,482.28401623902437,482.032624634283
1.680000000000001,-0.103632639007,0.287233300951,13.7335676772,0.0704517809988,0.0702594902114,0.0,-0.338597662056,0.562756233969,4.49784271612,0.103431758053,0.097592733562,0.0,449.3142861988437,447.3396820451215,447.75816491792796,447.87012158202765
1.740000000000001,-0.125571936439,0.322622305598,14.0084375721,0.0773849326793,0.0762142841763,0.0,-0.393323595251,0.617563956279,4.66368563554,0.132658138317,0.102362169446,0.0,476.7350703895464,477.1071192445328,475.98108039277463,478.223220119311
1.8000000000000012,-0.15059596582,0.361121468047,14.288924769,0.0853460409374,0.0821003720075,0.0,-0.441348037265,0.666446703229,4.68565659427,0.132739022986,0.0878269906988,0.0,434.6420142857264,433.43039117246803,434.4560375635242,434.47945685608533
1.8600000000000012,-0.178595470455,0.40268577414,14.5705561792,0.093880149328,0.0884571053311,0.0,-0.4924948488,0.719758208538,4.70183259139,0.156502924229,0.128425426041,0.0,430.9956093040076,434.4230939385149,432.04270236896673,434.06091720154336
1.9200000000000013,-0.210059489265,0.447895794559,14.8561507777,0.103085625096,0.0959878155411,0.0,-0.557055491964,0.788151905197,4.81727659833,0.146431119074,0.118941583766,0.0,464.917080149408,464.1868725997381,465.1073050654708,464.33875947439117
1.9800000000000013,-0.245446040823,0.497283015735,15.1475269996,0.111736195425,0.102694465883,0.0,-0.623150561375,0.858897375672,4.89470369715,0.139241187491,0.0909245306958,0.0,455.572741870897,453.3371243886498,454.6502402070772,454.09262976875385
2.0400000000000014,-0.284586911331,0.550715559829,15.4402705883,0.120594111614,0.108077697257,0.0,-0.682003638544,0.922899733567,4.86334843692,0.160595922126,0.0871985800387,0.0,420.90834034186514,420.59292742791774,419.079166971935,420.9529577837434
2.1000000000000014,-0.328115632024,0.608992511247,15.7380505733,0.13058862767,0.113596936498,0.0,-0.769481470812,1.02067973139,5.06147252243,0.17643006691,0.100158876965,0.0,491.0115509006707,491.9783741115785,491.8468577794722,493.04162099360644
2.1600000000000015,-0.376169396607,0.672389128358,16.0402850782,0.141702220432,0.119211714567,0.0,-0.832800360301,1.09341736312,5.01295463076,0.198673443737,0.0752719026675,0.0,417.9227414587864,415.75529976414145,416.8098178955955,418.78466212685566
2.2200000000000015,-0.428030517107,0.740236531642,16.338919253,0.153408491822,0.12372714703,0.0,-0.896282694923,1.16908893579,4.9415478432,0.186806107675,0.0752278186392,0.0,409.10293446940085,409.10399112710815,410.5717091216293,409.5578252659717
2.2800000000000016,-0.484569749217,0.813787824389,16.6395262365,0.16419270916,0.127885340058,0.0,-0.988743752146,1.28367429793,5.07768738345,0.159338705147,0.0535426276604,0.0,476.58055213857523,474.92315048824383,478.26943936682085,476.2007309189218
2.3400000000000016,-0.546710441293,0.894395849865,16.9479941676,0.174069922652,0.131306121072,0.0,-1.08287997219,1.40414989192,5.20362072582,0.173499343272,0.0631775765733,0.0,475.61038564706666,476.34982724956194,474.3045511042451,475.4147671323832
2.4000000000000017,-0.614430493391,0.982248522483,17.2628738224,0.184320875217,0.135871713837,0.0,-1.17481625261,1.52518265881,5.2915335013,0.164947636271,0.0939974715155,0.0,464.6163912784869,467.03083947570235,466.1520278150361,465.50966954550086
2.4600000000000017,-0.688276886891,1.07824795848,17.586599921,0.19481318869,0.141896952714,0.0,-1.28726759094,1.67574383453,5.49779292235,0.189622803669,0.110882333571,0.0,501.9971602561923,503.228370179572,501.972106832814,503.78478964090954
2.520000000000002,-0.768127676922,1.18231592972,17.9165421373,0.205856194441,0.148114236612,0.0,-1.37497905837,1.79409618025,5.49976626414,0.169576420321,0.0823134318247,0.0,445.1487079238601,442.8132543910884,444.00893860552077,442.3935367933463
2.580000000000002,-0.853525557998,1.2939123337,18.2476946892,0.215999780691,0.153136967088,0.0,-1.47203343337,1.92660265011,5.53794362799,0.168007435084,0.0863707216648,0.0,456.4476927361488,456.776940249566,456.12879938183585,456.03003405023884
2.640000000000002,-0.944890538409,1.41370284055,18.5813530513,0.226257608433,0.159087632745,0.0,-1.57393976353,2.06721858711,5.58320018169,0.176296111838,0.116972386065,0.0,459.38942563543196,461.81769784107775,459.31804852289315,460.00194904279266
2.700000000000002,-1.04242001563,1.54201503375,18.9172184722,0.236803871173,0.166236636268,0.0,-1.67764321132,2.21066644129,5.6115294032,0.174701283007,0.123180258866,0.0,455.781483727312,456.2898060621174,457.05709754751047,456.9587730079127
2.760000000000002,-1.14587132633,1.67850470249,19.2521897089,0.247867569889,0.173433968247,0.0,-1.77133380173,2.3397849081,5.55385124747,0.198884137251,0.112575865879,0.0,429.698716579554,428.8120705253934,429.40782589973315,431.4883571796451
2.820000000000002,-1.2557647809,1.82389513573,19.5874893085,0.259970139901,0.180280976602,0.0,-1.89234382189,2.50748363172,5.62164571641,0.206825659254,0.117030585178,0.0,471.39787577378956,471.75281958533935,471.31255813886554,471.96328382924446
2.880000000000002,-1.37270627594,1.9790730264,19.9248974536,0.272876309674,0.187002857192,0.0,-2.00626665642,2.66604803782,5.62445321899,0.227922642547,0.0994750389415,0.0,453.24826899522,451.84558928755973,453.3103158847948,455.04683710443186
2.940000000000002,-1.4965038587,2.1438372836,20.2618666914,0.286547145952,0.193255572252,0.0,-2.12080750429,2.82708742846,5.60707111299,0.227696394708,0.112306514376,0.0,449.2588443989499,450.3075135263,447.4332790308178,447.46605128861796
3.000000000000002,-1.62722658267,2.31838992935,20.5973863569,0.300256804006,0.200260276019,0.0,-2.2371637764,2.99229449257,5.57614490877,0.230041253458,0.124396491542,0.0,445.1704540604368,446.1709422613058,446.02040170236256,446.263562421317
3.0600000000000023,-1.76545703376,2.50364913026,20.9328148462,0.314153088425,0.207452033825,0.0,-2.3710896036,3.18396475572,5.6035645042,0.234555934863,0.10877010269,0.0,466.5816031253228,465.3718491085108,467.6080817902579,468.0101240002661
3.1200000000000023,-1.91199927142,2.7008471283,21.2703881051,0.328269589763,0.213636986942,0.0,-2.5141156434,3.39024559056,5.64745884265,0.236673022548,0.0881885763865,0.0,475.1712889262472,473.5988433806919,475.28018699609885,475.49366577242233
3.1800000000000024,-2.06674666015,2.90992398489,21.6083066773,0.342043889476,0.218929913274,0.0,-2.64451811083,3.57989150575,5.6155450341,0.209042520103,0.0882690729662,0.0,453.3752071546743,453.3879721156992,454.00267634799144,451.83026053578385
3.2400000000000024,-2.23017634619,3.1317288424,21.9474043732,0.35467359838,0.224464797672,0.0,-2.80346681919,3.81431165056,5.68603285272,0.213248036109,0.0992043322196,0.0,487.7588798158361,488.5813324176447,488.6599086121785,489.0125793907547
3.3000000000000025,-2.40270923452,3.36697262925,22.2883314711,0.367376963682,0.23062622155,0.0,-2.94804605298,4.0278527501,5.67697914845,0.208489151196,0.108877513241,0.0,466.59623546619827,467.3595447703886,466.24844083038175,465.9182913161421
3.3600000000000025,-2.58377401445,3.61481476724,22.6275574961,0.380093157253,0.237304118456,0.0,-3.08791683808,4.23422074268,5.62952818166,0.21805706247,0.115742936498,0.0,456.6852624181406,457.2432641811183,455.4795559666808,456.2872203907411
3.4200000000000026,-2.77288911397,3.87450116833,22.9620512063,0.393001922277,0.244451122909,0.0,-3.21644631502,4.42269212383,5.51960349338,0.20858853367,0.125124803789,0.0,436.54739618821515,437.3427486333023,437.5488566560984,436.80611956547557
3.4800000000000026,-2.97026303996,4.14630423228,23.291426116,0.405537985996,0.251529714388,0.0,-3.36319418922,4.63798418536,5.45847947075,0.209616107992,0.0971983684724,0.0,456.065411205538,453.8404932198804,456.68777063026124,456.8114182601659
3.5400000000000027,-3.17580930989,4.43002408469,23.614334123,0.418156414613,0.257899441794,0.0,-3.48882766471,4.81999001689,5.30470548183,0.211652242284,0.119814509221,0.0,425.2013902164771,427.1452393303722,423.9437221535069,424.1645748121192
3.6000000000000028,-3.3897884576,4.7260121579,23.9306549834,0.430821383196,0.265101238294,0.0,-3.64427987088,5.04677297914,5.238142685,0.209921032283,0.120456949959,0.0,458.2033637392896,458.2669544310922,457.3363124549152,457.2408945038839
3.660000000000003,-3.61262338948,5.03483345446,24.2408608184,0.442957464371,0.272359923103,0.0,-3.78406438722,5.24778599097,5.10135596496,0.179060061241,0.121999497348,0.0,435.38268735167475,435.5253058740746,436.4888885462156,433.94507518148174
3.720000000000003,-3.8435258467,5.35515836723,24.5413601566,0.453440052253,0.279443994192,0.0,-3.9132364419,5.4301464119,4.9150030757,0.16417820626,0.108750151024,0.0,418.78013732354907,417.6390665069449,418.8460707693173,417.5806544048118
3.780000000000003,-4.08260823601,5.68699718554,24.8316229307,0.463281857637,0.28581534434,0.0,-4.05664696234,5.6314430784,4.75990356804,0.163732609567,0.100505436345,0.0,431.185474378654,430.49840040637457,431.0452452581761,431.0341465910314
3.840000000000003,-4.33136044889,6.03244954848,25.1154202532,0.472824167641,0.291794359378,0.0,-4.2354091366,5.88368687314,4.69873262717,0.147457120466,0.0978839967367,0.0,466.8323996119502,466.63577436453926,467.15696722143207,465.9082917079683
3.900000000000003,-4.5889014908,6.39000923583,25.3893945906,0.481772462538,0.297735559504,0.0,-4.34985845695,6.03537631137,4.4340458218,0.152300964263,0.101198691758,0.0,390.6245974744041,390.94359363406113,391.7030976902808,392.1775929814612
3.960000000000003,-4.85366599227,6.75711539598,25.6482388322,0.490568457497,0.303674430563,0.0,-4.47615555908,6.20180689523,4.19415454131,0.131666173897,0.0941339932008,0.0,401.80397321867304,401.1723033875159,401.50678194100675,399.6520066744622
4.020000000000002,-5.12870103943,7.13814833702,25.8999516026,0.498561853601,0.308856427891,0.0,-4.69182733915,6.49889244162,4.19451576894,0.136165497485,0.0625131729878,0.0,491.8783701817266,489.5354679277611,491.35148264125905,491.6994761450057
4.080000000000001,-5.41465635819,7.53387279788,26.1457457062,0.506873368484,0.312387515447,0.0,-4.84035363642,6.6920438371,3.99838300435,0.142865550119,0.050285594683,0.0,422.90584123404636,421.85351752668856,423.09267946412643,423.6881332841549
4.14,-5.71200569555,7.94484773743,26.3862482991,0.515600203654,0.315376817816,0.0,-5.07113474629,7.0066529618,4.01641182975,0.150161286946,0.0488777331014,0.0,502.4480930677775,502.3472257004949,501.43232519386044,501.97928733126383
4.199999999999998,-6.02179231538,8.37252068654,26.6237742692,0.524376485777,0.318457016495,0.0,-5.25519168904,7.24896907422,3.90015294479,0.137074936646,0.0558479290295,0.0,459.05323865856616,459.607771821245,459.2624898542606,458.2422067160396
4.259999999999997,-6.34113297431,8.8123976626,26.8501706755,0.532628943124,0.321480485556,0.0,-5.38991694702,7.41377786795,3.64654428657,0.138456050319,0.0362967833943,0.0,406.9452301049104,405.1924592229408,408.02372314808827,408.16641279604687
4.319999999999996,-6.66858762769,9.26212119186,27.0612499997,0.54092534028,0.323325672902,0.0,-5.52561516714,7.57718388028,3.38961899877,0.137905652816,0.0163537855543,0.0,405.44133317182485,403.6452511050164,405.9540010324402,405.9242988328503
4.379999999999995,-7.00551742731,9.72362488929,27.2601720538,0.549548914961,0.324129855718,0.0,-5.70541859498,7.806105863,3.24044354149,0.153363927354,0.00672988774192,0.0,449.2170355735866,448.4355745853454,447.67492992513803,448.9503095920314
4.439999999999993,-7.35295768439,10.1983913704,27.4492870964,0.559195789452,0.324507837114,0.0,-5.87599572859,8.01938893967,3.06287592635,0.17253582268,0.00542507452261,0.0,439.5402071194096,439.4319146878037,438.1578330631156,439.77397461313456
4.499999999999992,-7.7100252066,10.6849636364,27.6260763886,0.569591260704,0.324781399107,0.0,-6.02646262302,8.19980975554,2.82996102253,0.174662174918,0.00276907731232,0.0,418.6138851301901,418.3825294113852,417.4602207570258,417.6767506631792
4.559999999999991,-8.07811816208,11.1855259464,27.7937470353,0.579790654214,0.325019175034,0.0,-6.24302973456,8.48516210459,2.75754975172,0.158477753674,0.00624982702443,0.0,481.90437164629003,482.16741624105543,481.76834240753175,480.5677707978985
4.6199999999999894,-8.45758346512,11.7005543744,27.9528824966,0.589188877705,0.326124931304,0.0,-6.40597931624,8.68235951155,2.54663090857,0.152680657718,0.0356057427963,0.0,430.55466851340134,433.03213847632037,431.1837952461758,430.7176346343101
4.679999999999988,-8.84887595716,12.2306981535,28.1042250369,0.598084355977,0.327859541921,0.0,-6.63687112124,8.98828884408,2.4963519493,0.137505968027,0.0101004301964,0.0,494.75932266077064,492.877431901022,495.89835652460806,494.80007575572364
4.739999999999987,-9.25246042179,12.776526264,28.2485436864,0.606083952794,0.329570886725,0.0,-6.81605210722,9.20560520804,2.3137131436,0.123295390922,0.0512514332847,0.0,446.18642101032293,449.53494747679144,449.08647495767497,447.9479493351996
4.799999999999986,-9.66630971164,13.3344480531,28.3805533214,0.613859572398,0.3324966588,0.0,-6.97923113743,9.39148686216,2.08639322565,0.139885036281,0.0432546547095,0.0,430.4264828216708,429.7504417726413,431.78802032499897,433.2015629329839
4.859999999999984,-10.0899348171,13.9033391165,28.4987001392,0.62280084538,0.335162300141,0.0,-7.14189428102,9.57129630922,1.85160237469,0.162871612234,0.0466745964009,0.0,428.21253964966553,428.5046892971032,428.2936005233904,430.26626387315457
4.919999999999983,-10.5256049946,14.4867035818,28.6078865713,0.632465324612,0.337745424957,0.0,-7.38020404774,9.87317215115,1.78605233838,0.157219552432,0.0345928998017,0.0,497.4640567807512,496.5790727472421,497.27023203594814,496.8775245458058
4.979999999999982,-10.9731025855,15.0838952148,28.7072209697,0.641805327871,0.33973868606,0.0,-7.53670265795,10.0330398669,1.52503064027,0.152369203866,0.030326128971,0.0,421.80984010477164,421.4415339826926,424.5466517786769,424.1542582199018
5.0399999999999805,-11.4293034248,15.6893664274,28.7891839676,0.650987725531,0.341412530055,0.0,-7.67049167662,10.1493914017,1.20754449937,0.154347185987,0.0225349165136,0.0,397.66310551831435,396.94871570058626,397.28325983353136,397.4897893651734
